-56.0 -24.4 -14.3 -6.2 -22.4 19.0 -19.2 43.4 -0.5 5.5 
5.9 -22.1 13.9 -52.0 -20.5 41.1 23.8 21.4 15.8 3.3 
-80.7 -7.7 -6.4 18.1 26.8 13.8 -29.1 19.9 2.8 22.4 
36.2 -15.1 -30.9 8.4 -7.4 -21.3 10.3 35.0 12.0 28.7 
-34.5 -42.5 -32.2 24.0 -19.6 -1.0 -29.4 -1.0 -26.6 39.3 
-7.7 40.6 6.5 10.9 -10.4 -0.8 25.6 -4.4 7.3 0.4 
1.9 22.2 -19.1 40.3 -21.5 30.6 44.4 -34.0 57.1 -49.9 
-11.6 -6.2 22.1 15.3 -4.9 65.0 18.2 -34.0 -18.3 -6.4 
4.3 -0.6 -37.2 22.4 -21.7 45.6 -24.0 10.8 15.3 2.6 
-25.5 -36.0 6.0 -18.9 0.5 39.3 14.4 2.8 -13.2 -22.2 
56.0082072637245
